P(S) = 0.199983
P(N) = 0.200075
P(B) = 0.599933
r(B) = 5.999333
rt = 0.599933
[0.5488482247560412, 0.3292723449719744, 0.09877072774675988, 0.019751950644290944, 0.002962463397466237, 0.0003554561081839821, 3.554166130608504e-05, 3.0460896199377113e-06, 2.284313374151621e-07, 1.522706374369661e-08, 9.135223108635057e-10, 4.9822953184610215e-11, 2.4908708650461616e-12, 1.149504969976938e-13, 4.9259024880107225e-15, 1.9701420662048175e-16, 7.387211855740515e-18, 2.606961548619945e-19, 8.688906287418854e-21, 2.7435602694905966e-22]
[0.403241936828069, 0.596758063171931, 0.0, 0.0, 0.0, 0.0, 0.0, 0.0, 0.0, 0.0, 0.0, 0.0, 0.0, 0.0, 0.0, 0.0, 0.0, 0.0, 0.0, 0.0]
RMSE= 0.071730