P(S) = 0.398900
P(N) = 0.200175
P(B) = 0.400917
r(B) = 4.009167
rt = 0.400917
[0.6697058675349262, 0.26849624405921085, 0.05382230959036929, 0.007192753651090741, 0.000720923704487449, 5.780606570481866e-05, 3.862569195915038e-06, 2.212240523993716e-07, 1.1086551209306025e-08, 4.938647950738089e-10, 1.9799862742500766e-11, 7.216449973800834e-13, 2.4109958905524925e-14, 7.435449506056441e-16, 2.1292825936689007e-17, 5.691099198967245e-19, 1.4260353253245578e-20, 3.363066642223728e-22, 7.490608155434472e-24, 1.5805840278857483e-25]
[0.5989763944015041, 0.4010236055984959, 0.0, 0.0, 0.0, 0.0, 0.0, 0.0, 0.0, 0.0, 0.0, 0.0, 0.0, 0.0, 0.0, 0.0, 0.0, 0.0, 0.0, 0.0]
RMSE= 0.035718