P(S) = 0.453260
P(N) = 0.377169
P(B) = 0.169570
r(B) = 11.304667
rt = 1.356560
[0.2575452103795999, 0.34937553059254994, 0.23697443489031475, 0.10715667979826844, 0.03634111638678476, 0.009859780969131345, 0.002229230745247469, 0.000432012179967558, 7.325630535709874e-05, 1.1041841510580666e-05, 1.4978920519593293e-06, 1.8472549472781343e-07, 2.0882601427330264e-08, 2.179115522481462e-09, 2.1115006808410486e-10, 1.909584909067818e-11, 1.619041565153152e-12, 1.291957073896559e-13, 9.736762712028435e-15, 6.951843591910132e-16]
[0.3925782111812205, 0.2859947932753828, 0.15412787362661606, 0.08043948285752107, 0.043198164408948504, 0.022547765079645236, 0.011251820147376782, 0.005956845960375943, 0.0039050434629131184, 0.0, 0.0, 0.0, 0.0, 0.0, 0.0, 0.0, 0.0,
0.0, 0.0, 0.0]
RMSE= 0.038835