P(S) = 0.504779
P(N) = 0.431750
P(B) = 0.063470
r(B) = 4.231333
rt = 0.507760
[0.6018421965576145, 0.30559139372409433, 0.07758354303867308, 0.013131273271105547, 0.0016668838290341372, 0.00016927538660607507, 1.4325211717183423e-05, 1.0391099287881503e-06, 6.595230718018398e-08, 3.7208826104233605e-09, 1.889315354268563e-10, 8.721079675303699e-12, 3.690179513276845e-13, 1.4413273458934188e-14, 5.227488379648908e-16, 1.7695396664336852e-17, 5.615634131427296e-19, 1.6772908156314795e-20, 4.731451025250235e-22, 1.2644429329373974e-23]
[0.6679609342498861, 0.23627647140395017, 0.06961310644030191, 0.019077240040412845, 0.0048336932189623405, 0.001743299193724123, 0.00041601458032052935, 7.924087244200558e-05, 0.0, 0.0, 0.0, 0.0, 0.0, 0.0, 0.0, 0.0, 0.0, 0.0, 0.0, 0.0]
RMSE= 0.021550