P(S) = 0.759497
P(N) = 0.208958
P(B) = 0.031544
r(B) = 2.102917
rt = 0.252350
[0.7769727500113086, 0.19606907346535377, 0.02473901534449102, 0.002080963507394104, 0.00013128278527272546, 6.6258421727144564e-06, 2.786718787140822e-07, 1.0046121227642675e-08, 3.1689233647445346e-10, 8.885309012147615e-12, 2.2422077292154432e-13, 5.143828367886516e-15, 1.0817042405301432e-16, 2.0997543469060015e-18, 3.784807210298085e-20, 6.367307330124819e-22, 1.0042437529731176e-23, 1.490711241545682e-25, 2.089894343355858e-27, 2.7757096712939704e-29]
[0.8085977616853193, 0.15759052007899935, 0.028005266622778142, 0.004832126398946675, 0.0008163265306122449, 0.0001053324555628703, 5.266622778143515e-05, 0.0, 0.0, 0.0, 0.0, 0.0, 0.0, 0.0, 0.0, 0.0, 0.0, 0.0, 0.0, 0.0]
RMSE= 0.011179