P(S) = 0.600692
P(N) = 0.199933
P(B) = 0.199367
r(B) = 1.993667
rt = 0.199367
[0.8192494467906024, 0.16333103137515315, 0.016281381644246518, 0.0010819882623804287, 5.392809831081114e-05, 2.150293039979743e-06, 7.14494592895491e-08, 2.0349486476704454e-09, 5.071261609048726e-11, 1.1233783586563127e-12, 2.239641987707806e-14, 4.059181432872834e-16, 6.743878930559039e-18, 1.0342343559916234e-19, 1.4727989721871228e-21, 1.9575134783669408e-23, 2.439143357106804e-25, 2.860493415461911e-27, 3.1682613181255046e-29, 3.3244510427559184e-31]
[0.7989567726541258, 0.20104322734587426, 0.0, 0.0, 0.0, 0.0, 0.0, 0.0, 0.0, 0.0, 0.0, 0.0, 0.0, 0.0, 0.0, 0.0, 0.0, 0.0, 0.0, 0.0]
RMSE= 0.010248