P(S) = 0.650890
P(N) = 0.267754
P(B) = 0.081355
r(B) = 5.423667
rt = 0.650840
[0.5216074424347279, 0.3394829878342183, 0.11047455390101131, 0.023967086220311403, 0.0038996845989068686, 0.0005076141448705095, 5.5062598341253675e-05, 5.1195630720602215e-06, 4.1650205372745936e-07, 3.011957740533106e-08, 1.9603025758485723e-09, 1.1598575713320754e-10, 6.290680847714749e-12, 3.1494051714820434e-13, 1.4641134727195575e-14, 6.352690750565312e-16, 2.584115780061205e-17, 9.893211260559004e-19, 3.577165342679024e-20, 1.2253485745416912e-21]
[0.5570219238273748, 0.3280892316674092, 0.08486841094501375, 0.022661279171595813, 0.005546252054878705, 0.0014749035935411514, 0.00021509010739141792, 9.218147459632196e-05, 3.0727158198773985e-05, 0.0, 0.0, 0.0, 0.0, 0.0, 0.0, 0.0, 0.0, 0.0, 0.0, 0.0]
RMSE= 0.010112