P(S) = 0.330875
P(N) = 0.337883
P(B) = 0.331233
r(B) = 3.312333
rt = 0.331233
[0.718037607384081, 0.23783799015252047, 0.039389935135759925, 0.004349086504933853, 0.0003601406049960637, 2.3858114612305897e-05, 1.3171004716804669e-06, 6.232393993851825e-08, 2.580470796537725e-09, 9.497088261183474e-11, 3.1457522017126775e-12, 9.472527160126907e-14, 2.6146806219494867e-15, 6.662072138541548e-17, 1.5762145438258937e-18, 3.4806319826661965e-20, 7.205633335782074e-22, 1.4039682050522785e-23, 2.5835614914082443e-25, 4.504008866688362e-27]
[0.6684715541340318, 0.3315284458659682, 0.0, 0.0, 0.0, 0.0, 0.0, 0.0, 0.0, 0.0, 0.0, 0.0, 0.0, 0.0, 0.0, 0.0, 0.0, 0.0, 0.0, 0.0]
RMSE= 0.025303